     4.009,     5.212,     5.420,     5.418,     5.418,     5.418,     5.418,     5.418,     5.418,     5.418,     5.418,     5.418,     5.418,     5.418,     5.418,     5.418,     5.418,     5.418,     5.418,     5.418,     5.418,     5.418,     5.418,     5.418,     5.418,     5.418,     5.418,     5.418,     5.418,     5.418,     5.418,     5.418,     5.418,
     3.976,     8.291,     9.812,    10.637,    10.899,    11.076,    11.072,    11.070,    11.070,    11.070,    11.070,    11.070,    11.070,    11.070,    11.070,    11.070,    11.070,    11.070,    11.070,    11.070,    11.070,    11.070,    11.070,    11.070,    11.070,    11.070,    11.070,    11.070,    11.070,    11.070,    11.070,    11.070,    11.070,
    -8.687,    13.431,    12.602,    15.027,    15.438,    16.278,    16.565,    16.805,    16.974,    16.970,    16.967,    16.965,    16.965,    16.965,    16.965,    16.965,    16.965,    16.965,    16.965,    16.965,    16.965,    16.965,    16.965,    16.965,    16.965,    16.965,    16.965,    16.965,    16.965,    16.965,    16.965,    16.965,    16.965,
   -19.020,     7.032,    17.213,    17.185,    20.038,    20.324,    21.256,    22.141,    22.456,    22.691,    22.953,    23.121,    23.117,    23.114,    23.110,    23.109,    23.109,    23.109,    23.109,    23.109,    23.109,    23.109,    23.109,    23.109,    23.109,    23.109,    23.109,    23.109,    23.109,    23.109,    23.109,    23.109,    23.109,
   -18.847,    -3.120,    18.514,    21.206,    21.699,    24.975,    26.121,    26.324,    27.299,    28.229,    28.568,    28.799,    29.071,    29.347,    29.524,    29.520,    29.517,    29.513,    29.509,    29.507,    29.507,    29.507,    29.507,    29.507,    29.507,    29.507,    29.507,    29.507,    29.507,    29.507,    29.507,    29.507,    29.507,
   -19.861,    -4.154,    16.331,    28.753,    25.879,    26.300,    29.940,    31.976,    31.578,    32.638,    33.576,    34.548,    34.904,    35.148,    35.410,    35.702,    35.992,    36.191,    36.186,    36.182,    36.178,    36.174,    36.170,    36.169,    36.169,    36.169,    36.169,    36.169,    36.169,    36.169,    36.169,    36.169,    36.169,
   -24.448,    -8.906,     6.019,    27.885,    33.701,    31.202,    32.326,    35.018,    37.657,    37.771,    37.994,    39.111,    40.090,    41.100,    41.466,    41.724,    41.980,    42.282,    42.588,    42.894,    43.126,    43.122,    43.118,    43.113,    43.109,    43.105,    43.100,    43.099,    43.099,    43.099,    43.099,    43.099,    43.099,
   -18.751,   -10.051,     3.754,    24.586,    39.828,    38.520,    37.115,    37.254,    40.118,    43.237,    44.117,    43.554,    44.690,    45.819,    46.848,    47.888,    48.258,    48.530,    48.801,    49.089,    49.413,    49.735,    50.055,    50.338,    50.334,    50.329,    50.325,    50.320,    50.315,    50.311,    50.306,    50.304,    50.304,
   -11.188,    -5.856,     1.021,    18.496,    36.280,    46.486,    40.503,    39.131,    40.407,    46.101,    48.695,    50.066,    49.492,    49.751,    51.096,    52.194,    53.377,    54.721,    55.084,    55.369,    55.652,    55.973,    56.312,    56.649,    56.985,    56.840,    56.717,    56.712,    56.707,    56.703,    56.698,    56.693,    56.688,
    -9.293,    -6.081,     4.315,    19.732,    34.887,    43.704,    41.279,    40.407,    40.786,    44.263,    50.216,    51.757,    54.086,    54.172,    54.562,    56.169,    57.592,    59.054,    60.524,    61.926,    62.270,    62.576,    62.930,    63.246,    63.057,    62.868,    62.678,    62.489,    62.299,    62.171,    62.166,    62.161,    62.156,
   -14.481,    -6.067,     7.149,    25.894,    34.595,    42.657,    50.898,    44.183,    44.240,    44.907,    48.510,    53.430,    54.758,    56.830,    57.636,    58.906,    60.506,    62.341,    64.180,    66.031,    67.896,    69.333,    69.602,    69.407,    69.212,    69.017,    68.822,    68.626,    68.431,    68.235,    68.039,    67.844,    67.707,
   -14.236,    -4.536,     9.827,    26.677,    40.957,    48.928,    50.432,    59.527,    50.768,    56.641,    61.859,    59.997,    58.395,    59.450,    61.624,    63.104,    64.610,    66.175,    68.054,    69.962,    71.884,    73.658,    75.049,    76.124,    75.967,    75.765,    75.562,    75.359,    75.156,    74.953,    74.750,    74.547,    74.343,
   -15.147,    -2.411,    11.582,    23.348,    42.989,    52.094,    53.079,    58.647,    67.611,    65.665,    68.088,    68.812,    66.067,    64.240,    65.577,    67.470,    69.547,    70.900,    72.517,    74.307,    76.054,    77.520,    78.993,    80.342,    81.642,    82.732,    82.565,    82.354,    82.143,    81.932,    81.721,    81.510,    81.298,
   -14.505,    -6.035,    17.515,    22.705,    41.442,    49.317,    58.583,    64.835,    69.696,    69.562,    74.095,    75.796,    75.291,    72.304,    70.240,    71.795,    74.368,    76.769,    78.170,    79.256,    80.136,    81.359,    82.866,    84.351,    85.692,    87.037,    88.385,    89.489,    89.308,    89.089,    88.870,    88.650,    88.430,
   -13.280,   -11.444,    15.130,    27.899,    42.004,    47.067,    50.977,    61.929,    75.433,    80.585,    81.773,    83.082,    82.402,    81.884,    78.777,    76.674,    78.705,    81.545,    83.784,    84.687,    85.590,    86.493,    87.591,    88.873,    90.026,    91.124,    92.486,    93.880,    95.277,    96.395,    96.196,    95.968,    95.740,
   -11.638,   -14.528,    14.098,    27.278,    39.445,    46.181,    47.268,    56.804,    70.203,    84.641,    88.479,    92.377,    92.008,    90.565,    88.872,    85.325,    83.034,    85.460,    87.823,    90.178,    91.114,    92.051,    92.987,    93.939,    95.229,    96.364,    97.500,    98.639,    99.780,   100.923,   102.316,   103.431,   103.225,
   -11.605,   -17.343,    14.747,    29.289,    38.420,    48.341,    47.185,    53.362,    67.513,    85.981,   102.996,   100.980,   101.567,   100.476,    98.909,    97.530,    92.102,    90.813,    93.054,    95.222,    97.578,    98.553,    99.527,   100.502,   101.476,   102.608,   103.787,   104.969,   106.153,   107.339,   108.528,   109.719,   110.940,
   -12.042,   -16.345,    13.455,    29.725,    39.504,    52.718,    49.360,    58.968,    66.892,    84.164,   104.643,   105.291,   113.072,   112.333,   110.886,   107.735,   106.273,   103.294,   101.571,   103.475,   104.305,   105.316,   106.326,   107.336,   108.345,   109.413,   110.636,   111.860,   113.086,   114.314,   115.545,   116.777,   118.041,
   -10.479,   -14.184,    15.076,    30.088,    45.180,    55.201,    51.961,    61.092,    67.936,    83.921,   105.191,   120.883,   120.143,   123.137,   122.164,   120.626,   118.835,   117.902,   113.858,   111.238,   112.057,   112.876,   113.920,   114.968,   116.017,   117.065,   118.283,   119.552,   120.824,   122.099,   123.375,   124.655,   125.966,
    -7.778,   -11.607,    13.132,    28.755,    46.587,    56.579,    61.251,    63.160,    70.018,    78.525,   103.708,   123.586,   125.994,   128.276,   132.017,   134.052,   131.873,   127.673,   126.630,   122.718,   120.070,   120.917,   121.763,   122.799,   123.887,   124.976,   126.120,   127.440,   128.759,   130.080,   131.405,   132.731,   134.092,
    -6.754,   -11.384,    14.077,    31.885,    41.540,    48.349,    63.109,    65.821,    72.487,    78.977,   103.150,   111.401,   127.450,   133.898,   138.419,   142.286,   138.434,   137.895,   136.720,   135.703,   134.449,   129.184,   130.059,   130.937,   131.957,   133.086,   134.215,   135.521,   136.889,   138.259,   139.632,   141.007,   142.418,
    -4.482,   -11.781,    11.277,    35.467,    42.912,    52.824,    56.109,    67.178,    74.182,    81.203,    86.963,   111.152,   129.845,   138.056,   143.093,   138.585,   141.424,   146.112,   147.164,   146.070,   145.034,   143.647,   138.583,   139.487,   140.396,   141.397,   142.568,   143.792,   145.214,   146.634,   148.057,   149.482,   150.944,
    -2.552,   -12.107,     9.607,    38.416,    43.468,    52.412,    54.850,    57.515,    63.541,    83.227,    93.805,   110.868,   130.883,   129.590,   133.889,   138.472,   143.300,   148.504,   153.035,   156.679,   155.679,   154.625,   153.752,   148.270,   149.202,   150.145,   151.122,   152.336,   153.733,   155.205,   156.679,   158.156,   159.670,
    -0.167,   -10.818,    13.435,    34.945,    41.294,    54.125,    54.001,    59.587,    63.074,    69.981,    96.312,   100.464,   116.911,   127.931,   134.149,   138.150,   143.070,   149.154,   155.445,   160.066,   165.308,   165.548,   164.476,   163.455,   158.242,   159.208,   160.185,   161.159,   162.440,   163.970,   165.496,   167.026,   168.594,
     2.187,    -9.857,    16.233,    38.789,    39.789,    53.708,    54.307,    60.063,    61.822,    74.993,    87.363,    95.151,   115.133,   127.113,   134.202,   138.037,   142.356,   148.797,   155.138,   161.582,   167.554,   172.750,   175.677,   174.584,   173.408,   168.495,   169.507,   170.519,   171.527,   172.928,   174.508,   176.091,   177.714,
     4.108,    -7.293,    15.638,    36.640,    44.030,    52.504,    53.154,    58.280,    68.258,    76.035,    88.645,    96.831,   102.469,   127.510,   135.705,   138.572,   142.237,   147.917,   154.114,   161.138,   167.738,   174.543,   180.277,   185.175,   184.951,   183.802,   179.117,   180.100,   181.147,   182.234,   183.711,   185.349,   187.029,
     6.276,    -6.296,    18.685,    35.615,    48.363,    53.247,    50.033,    62.395,    71.870,    78.781,    89.820,    98.239,    99.677,   126.822,   137.795,   141.537,   144.287,   148.720,   154.134,   160.101,   166.332,   173.904,   180.908,   188.735,   194.200,   195.361,   194.446,   190.052,   190.988,   192.073,   193.348,   194.798,   196.535,
     8.351,    -3.890,    17.465,    37.337,    53.184,    49.911,    58.482,    63.816,    75.287,    82.097,    92.095,    99.539,   108.008,   111.228,   139.225,   144.383,   147.142,   151.804,   156.514,   161.211,   166.535,   172.683,   178.944,   187.609,   196.099,   203.045,   205.421,   205.232,   201.224,   202.121,   203.276,   204.710,   206.177,
    11.136,    -1.752,    20.549,    41.403,    52.773,    52.569,    58.578,    63.072,    76.471,    85.455,    95.143,   102.547,   109.381,   112.166,   138.900,   147.176,   150.011,   154.645,   159.549,   164.475,   169.298,   174.156,   184.190,   190.458,   196.901,   205.436,   213.412,   216.983,   215.390,   211.580,   212.423,   213.776,   215.287,
    13.635,     1.354,    23.335,    44.672,    56.890,    53.707,    58.364,    63.004,    77.501,    89.320,    98.146,   106.000,   112.531,   119.614,   120.063,   149.528,   152.826,   157.505,   162.421,   167.456,   172.534,   177.555,   187.686,   192.907,   197.591,   203.427,   210.159,   218.925,   225.762,   225.116,   221.836,   222.632,   224.201,
    16.094,     2.250,    27.191,    45.973,    60.948,    57.599,    58.358,    64.940,    77.064,    93.563,   101.117,   109.189,   116.803,   122.906,   125.240,   151.093,   155.583,   160.350,   165.261,   170.357,   175.513,   180.695,   185.904,   196.742,   202.019,   206.623,   211.223,   216.714,   223.768,   232.674,   234.228,   232.258,   233.211,
    16.115,     4.828,    29.861,    48.595,    62.547,    62.004,    58.915,    67.771,    76.886,    93.498,   104.033,   112.335,   120.450,   127.384,   133.689,   129.605,   158.281,   163.134,   168.121,   173.156,   178.386,   183.660,   188.986,   200.503,   206.007,   211.117,   215.837,   220.544,   225.234,   230.276,   237.202,   243.574,   242.941,
    16.397,     7.678,    33.995,    50.772,    62.507,    65.997,    59.421,    68.607,    75.440,    91.480,   108.358,   115.342,   123.677,   131.801,   138.362,   131.384,   160.680,   165.830,   170.889,   175.983,   181.189,   186.544,   191.943,   204.172,   209.800,   215.426,   220.233,   224.961,   229.671,   234.350,   239.393,   243.680,   250.180,
